Mutant F1 F2 F3 F4 F5 F6 F7 F8 F9 F10 F11 F12
A115D 6.53193  7.1902  8.45634  8.49147  9.28304  16.83618  10.70517  16.14696  12.04896  7.8813  3.47452  0.0 
A115F 0.903770000001  4.33477  5.71287  6.63125  5.86933  9.41705  14.59203  17.429  14.16879  8.93167  1.97882  0.0 
A115G 3.26668  4.46146  5.42433  7.80924  8.52429  10.92138  11.27432  14.897  10.70361  7.08529  3.02807  0.0 
A115H 2.91278  5.09545  6.01828  8.18154  8.11368  11.98551  11.33009  16.63858  12.19801  7.77392  3.16354  0.0 
A115I 9.35627  9.2964  9.78475  10.76222  12.8051  16.13456  16.5109  17.98271  13.80018  9.06526  4.7265  0.0 
A115K 3.28608  5.46335  6.66958  8.85717  10.11672  17.72941  11.70178  15.8532  10.95837  6.27483  1.26144  0.0 
A115L 0.85842  1.54998  2.35285  4.62751  6.23294  11.57732  9.65036  12.88174  9.14338  3.96469  -1.30582  0.0 
A115N 1.73792  2.89789  3.30992  4.32991  5.67817  8.28541  2305960.68376  16.48784  14.63365  7.41468  1.62351  0.0 
A115Q 4.23403  5.01906  4.95681  5.73653  8.34816  11.28506  14.16427  17.67258  13.85231  7.88865  2.40123  0.0 
A115R 4.1104  4.41569  5.53411  8.06544  8.48058  13.16008  12.86245  16.50444  11.78315  6.61758  1.99254  0.0 
A115S 1.90544  4.07116  4.77462  6.27173  7.6465  10.06317  11.67305  16.58298  11.13852  6.80345  3.44433  0.0 
A115T 3.7516  5.06179  5.17799  7.61924  8.93882  12.486  12.06676  16.32274  11.61709  5.10791  2.07356  0.0 
A115V 5.55107  8.0274  7.3931  9.12297  9.50945  13.61871  14.84136  18.87029  13.57207  7.85435  2.75901  0.0 
A115W 5.3125  7.64467  8.03193  10.61243  12.34066  14.10446  14.86269  19.70879  15.02874  9.42648  2.79467  0.0 
A115Y 0.629290000001  3.18695  4.72594  6.37471  6.88662  10.77543  12.47069  18.51487  14.30386  8.76712  3.52569  0.0 
F125A 1.38028  2.72885  4.04181  6.52122  9.63523  11.32351  13.22287  16.38576  11.35619  4.99836  3.47818  0.0 
F125C 4.33177  4.63075  4.91192  8.38812  9.9013  13.5332  13.39695  18.46795  12.64906  8.17278  2.909  0.0 
F125D 6.88854  7.35745  7.4448  11.90835  12.61253  14.57947  14.2221  19.83199  14.76677  10.56369  5.1022  0.0 
F125E 7.45127  8.26276  9.79301  11.89982  13.17513  17.60236  13.42089  17.43538  14.19001  10.61365  6.0167  0.0 
F125G 2.25982  2.76014  3.68267  6.51351  7.52157  11.60635  13.27887  16.3492  11.80617  8.08249  4.67285  0.0 
F125H -0.460759999998  -0.258409999999  1.45947  6.13634  6.49519  8.88851  11.80785  14.61233  12.45481  9.3078  4.77537  0.0 
F125I 2.37559  5.4259  4.88688  7.09344  9.57989  11.43689  14.01349  16.7775  9.26284  8.98934  5.40776  0.0 
F125K 8.46645  6.82526  7.03381  9.7871  12.61623  15.15482  14.87066  16.39143  11.53309  5.71875  1.92226  0.0 
F125L 4.45939  4.4939  4.72168  6.73946  10.1163  13.77524  14.35785  17.475  13.0804  7.13275  2.71929  0.0 
F125M 5.3199  3.69072  5.41695  7.36069  7.87534  11.05024  12.95205  17.2964  13.47018  8.24054  3.86742  0.0 
F125N 2.52306  3.98816  6.43645  7.30645  8.65186  10.96555  12.75152  15.32994  13.59083  10.01986  5.04973  0.0 
F125P 3.22651  4.91875  6.43579  9.77701  10.44665  13.33605  14.70205  17.01155  13.24693  8.63071  3.39699  0.0 
F125Q 0.39631  0.591560000001  2.04531  5.69727  8.79461  10.4582  11.98461  16.49788  12.52639  8.18077  3.33275  0.0 
F125R 5.27342  4.53573  7.30652  10.92456  11.22077  14.4376  15.28215  17.99122  13.82539  8.82738  4.84857  0.0 
F125S 4.43586  4.28452  5.5172  8.73929  9.68873  13.75111  13.85918  17.58874  13.91313  8.63721  4.54821  0.0 
F125T 4.18413  4.06668  4.74882  9.28981  10.24809  13.31059  15.01945  16.22117  13.21152  8.49554  3.22408  0.0 
F125V 1.32196  3.17233  4.01673  6.44283  7.64134  10.48494  12.31035  15.3232  10.21868  5.86605  2.29563  0.0 
F125W 4.42531  4.83321  6.96902  7.77557  10.23636  16.20164  16.03798  16.3962  10.92071  6.19678  0.60915  0.0 
F125Y 7.48546  6.1445  7.03167  9.26908  10.40296  13.72578  21.98196  18.80305  13.67297  7.88097  3.09673  0.0 
I118A 0.922299999998  -0.50086  2.33616  3.98096  7.47743  9.63162  10.4446  14.65181  10.83361  6.81219  2.55199  0.0 
I118C 0.621520000001  -0.821360000002  -0.390350000001  2.33006  4.64511  8.26607  9.57293  14.88244  10.41295  5.428  1.21717  0.0 
I118D -4.51869  -3.10306  -1.71848  0.168439999998  -1.99595  5.92847  261.4739  9.67725  3.90465  -1.45815  -8.22268  0.0 
I118E 0.109230000002  -0.843990000001  -1.86934  -1.72019  -0.15337  3.33586  5.695  15.75055  12.42555  6.49434  0.259099999999  0.0 
I118F 1.38635  1.31065  0.694879999999  4.12349  7.28974  8.77301  12.56228  15.39302  11.82161  7.63607  3.31624  0.0 
I118G 3.16753  2.44208  3.30027  6.71736  10.517  15.67185  13.56029  13.30508  9.45828  6.75778  1.4981  0.0 
I118H -0.437399999999  -1.72752  -0.833190000001  2.1804  4.94769  7.18178  7.46046  13.99334  9.87852  6.18737  1.84788  0.0 
I118K -7.50883  -8.75382  -8.21421  -4.41982  -4.23387  -0.0198500000006  3.36164  7.82836  4.08901  -1.37523  3.1831  0.0 
I118L -1.13046  -0.234690000001  1.65185  4.04128  5.52166  7.74512  12.61016  16.48514  11.87229  6.69962  4.55609  0.0 
I118M 1.42307  1.56156  2.15954  5.44654  8.49736  11.20288  10.01032  13.97129  11.38922  6.5015  2.49256  0.0 
I118N -2.18652  -0.391169999999  0.400520000003  1.93104  -0.729069999998  2.00908  8.19739  18.81018  14.75869  8.52576  3.48482  0.0 
I118P 0.913359999999  -0.46716  1.60275  4.24284  4.77164  8.18515  12.55117  14.24358  11.76634  7.36276  3.77858  0.0 
I118Q -4.01667  -5.11707  -4.13643  -1.65411  -0.920859999998  1.13177  2.94248  10.0438  5.11455  2.49247  1.77193  0.0 
I118R 2.06377  1.70998  2.73075  5.88382  7.51008  10.56128  13.42372  15.18928  10.73424  5.04481  2.45934  0.0 
I118S -0.772969999998  -0.60269  0.488540000002  3.58221  7.12489  8.73621  10.57238  14.07222  9.48112  6.02253  1.93918  0.0 
I118T 0.842369999998  0.860819999998  2.91006  5.5419  6.6605  8.85273  12.06671  17.94436  11.9114  8.02306  3.06026  0.0 
I118V 1.54031  0.6001  2.98733  5.76628  7.60138  9.95678  10.39719  15.54463  10.45114  37.38931  3.0211  0.0 
I118W -9.44656  -8.21737  -6.75677  -5.70875  -5.11573  -1.76481  2305972.38969  4.9528  3.26307  -1.22544  -5.28663  0.0 
N35A -4.91951  -5.05015  -4.92031  -1.63828  1.88133  6.11629  9.85041  8.17263  12.7085  8.88421  3.48399  0.0 
N35C -5.967  -5.81959  -4.68568  -2.10269  1.7546  5.70162  9.53285  7.32174  13.13627  7.52002  4.26762  0.0 
N35D -1.18493  -0.77  0.397990000001  3.21681  3.23813  9.1051  12.84396  16.4385  13.38055  9.27723  4.37121  0.0 
N35E 2.82312  4.51073  5.98658  5.3844  3.1399  8.53314  12.37397  12.06084  11.96971  7.49804  3.34462  0.0 
N35F -10.58469  -9.41766  -8.95823  -6.79921  -2.14079  1.17393  4.25116  2.45345  9.85799  4.98988  3.45344  0.0 
N35G -3.79188  -4.70349  -3.56094  -0.35871  1.21518  6.5993  11.94723  9.33442  13.25518  8.89839  4.57042  0.0 
N35H -7.40525  -6.8211  -5.54451  -4.38584  -1.53447  4.75939  9.13721  8.37285  13.49183  9.13213  3.1611  0.0 
N35I -5.5472  -7.71971  -5.76015  -2.25718  0.534369999998  5.85341  11.91664  10.85293  16.46008  10.45921  4.86091  0.0 
N35K -12.24516  -9.59654  -10.59533  -7.84387  -3.16982  0.993170000002  2.71531  2.2042  -1.82532  3.61401  -1.46863  0.0 
N35L -1.88521  -1.72701  -0.797499999997  1.67254  3.67637  9.81511  13.42225  11.61662  15.78217  9.62243  5.35768  0.0 
N35M -7.39752  -6.37326  -4.27262  -3.73834  -1.52278  3.58846  8.85921  6.58381  13.83063  7.67073  1.95388  0.0 
N35P -7.29436  -6.76284  -6.23968  -2.68381  -0.0864599999986  5.2663  9.30737  7.04788  2.17756  6.12529  2.09696  0.0 
N35Q 2.88821  4.20668  5.56148  5.05436  8.40453  14.69876  17.37957  20.43809  16.13783  35.65202  5.44243  0.0 
N35R -12.27732  -13.11395  -10.59292  -8.62369  -5.01027  -0.692310000002  -1.01509  1.12856  -2.13169  0.979530000001  -2.39433  0.0 
N35S -8.66956  -8.28865  -8.16259  -5.33096  -0.902740000001  2.34957  8.65784  4.82218  9.95337  8.06358  4.27729  0.0 
N35T -10.00813  -9.24946  -7.53619  -5.35475  -3.44046  2.5402  4.68608  2.41333  8.75253  3.69419  -1.82385  0.0 
N35V -8.09107  -6.64953  -5.89087  -4.63532  0.039810000002  5.2597  4.945  4.67556  9.26846  4.56704  -1.24489  0.0 
N35W -7.34529  -6.69338  -6.35702  -4.85326  -3.46527  3.07142  7.86783  7.21477  12.40901  6.14022  2.21862  0.0 
N35Y -5.17815  -5.3736  -4.86316  -3.18681  -5.03067  1.09362  8.19665  8.04637  13.22819  7.91724  2.68393  0.0 
P116A 2.07512  1.44289  2.61901  6.53788  5.88872  8.26761  10.46168  15.10866  10.91261  87.12976  3.01534  0.0 
P116C 1.1506  0.317280000003  2.55528  5.29675  4.75057  8.49629  11.38061  7.36002  10.76399  6.53487  2.95416  0.0 
P116D 1.39694  -0.1083  0.479739999999  3.77731  5.27779  7.41334  11.36793  15.32524  11.61441  7.40603  2.96554  0.0 
P116E 0.878770000003  2.11843  3.16979  4.98865  4.62779  7.34131  9.14059  13.37587  10.03638  5.60768  2.04454  0.0 
P116F 0.607939999998  0.21401  2.18408  6.01956  6.26795  8.545  9.4738  14.57148  11.59067  7.41172  2.99587  0.0 
P116G -0.0503900000003  1.21916  1.86808  4.15229  4.83241  8.21847  10.89142  18.17052  12.00917  6.77777  2.3196  0.0 
P116H 2.16662  3.00936  1.92636  5.36192  7.17187  8.48434  11.35985  17.40756  12.20436  7.57446  2.60387  0.0 
P116I 3.79032  2.98639  4.24008  6.89827  9.56385  12.15489  12.50891  17.18999  12.2068  7.36962  3.36699  0.0 
P116K -2.19352  -2.93298  -1.21116  1.98424  2.44959  5.23588  7.61589  14.43797  9.50876  5.03255  0.924319999998  0.0 
P116L 1.63429  0.15927  2.26622  5.93275  6.54977  8.74845  10.0916  15.5127  10.66791  5.51184  2.31834  0.0 
P116M 3.65574  2.87714  4.51939  6.67687  8.41791  10.22092  2305983.51438  16.35742  10.67582  7.06926  2.48712  0.0 
P116N 0.570609999999  -0.319510000001  0.808779999999  3.93816  7.3836  7.78928  9.64548  13.90953  10.99606  6.47062  2.17111  0.0 
P116Q 1.21026  -0.236489999999  0.122940000001  3.54519  213.12446  6.50935  5.86655  12.01224  7.84281  3.46041  3.20012  0.0 
P116R 1.11468  0.295249999999  1.95268  6.63067  4.99454  8.2577  9.77385  14.45093  11.38585  6.64665  3.00072  0.0 
P116S 4.25348  7.01248  9.34041  10.41269  9.01659  10.89119  13.88868  16.12799  13.15387  8.3674  2.60979  0.0 
P116T 1.08741  0.315270000003  0.973050000001  5.17205  6.73473  9.45256  10.78733  15.12852  11.53654  6.75382  2.68621  0.0 
P116V 0.0369800000008  -0.243150000002  1.74353  4.00771  4.87854  7.82929  8.96772  14.30479  9.98999  5.95287  2.91199  0.0 
P116W 2.41822  0.19629  0.443200000002  5.04459  5.94549  6.5381  9.04698  16.38599  11.43918  7.13513  3.2026  0.0 
P116Y -0.0618699999977  -1.13478  -0.166209999999  3.07077  4.8693  6.40526  9.08759  13.5386  9.6809  5.76512  2.94126  0.0 
Q127A 6.15573  8.25725  7.87661  9.33261  9.10097  13.30274  15.81775  17.19618  13.22828  8.40937  2.83464  0.0 
Q127C 2.44021  3.06193  4.87627  6.61562  6.23792  10.60251  11.65853  13.98228  10.31965  6.62159  1.55775  0.0 
Q127D 8.16463  12.3046  13.72599  15.84777  16.63767  20.86825  18.61131  22.17525  16.33231  9.25167  4.03382  0.0 
Q127E 7.60367  9.37376  9.76048  9.91067  10.27538  12.52848  14.07286  21.17057  13.10404  6.95993  1.77787  0.0 
Q127F -7.74793  -5.60335  -6.47276  -3.59234  -2.46546  0.815629999997  0.813749999998  2.88284  -2.04216  -8.39606  -14.92448  0.0 
Q127G 5.37246  7.21455  8.67417  8.84192  9.91948  11.64224  14.18462  16.72907  12.02158  7.08402  2.96646  0.0 
Q127H 7.26201  5.91445  7.50497  9.42565  10.60626  13.98648  15.22861  15.39756  10.09736  6.0648  2.07077  0.0 
Q127I 8.87657  8.51963  7.1818  10.00574  12.04462  15.3588  15.14753  16.79884  14.8941  9.66255  3.74208  0.0 
Q127K 12.37205  10.44578  13.59882  13.65381  13.78378  19.04456  15.35815  19.06358  15.20488  8.30759  2.40621  0.0 
Q127L 6.849  6.35613  6.66037  10.64834  12.01218  14.37621  15.46914  16.67784  12.34633  7.48781  2.3906  0.0 
Q127M 7.48655  7.22022  9.44213  10.19333  11.69501  13.62758  18.69976  20.86216  13.97323  8.64761  4.84689  0.0 
Q127N 4.29962  3.07673  4.16885  7.29935  6.01407  10.79163  13.29253  15.98647  13.17826  7.78771  4.02642  0.0 
Q127P 7.36985  6.14437  7.51311  9.4316  8.89619  14.30784  14.96223  17.64565  12.29493  8.56878  2.84781  0.0 
Q127S 6.99967  9.37081  8.33606  11.55046  12.5945  14.46757  16.0173  17.59987  11.35192  10.19087  4.35535  0.0 
Q127T 4.28346  6.16442  5.93186  8.45736  9.98286  12.4533  12.21318  13.86472  10.14706  6.80604  2.808  0.0 
Q127V 6.2685  7.37276  8.42744  11.32403  11.07069  13.57894  13.75043  16.19209  11.89963  6.01995  1.52957  0.0 
Q127W -0.669590000001  -0.71027  -1.18101  0.630079999999  3.65858  5.74828  1.52839  0.766599999999  0.180520000002  -5.20212  -10.28693  0.0 
Q7A 2.84939  4.51326  4.93889  7.01329  6.59515  11.14335  10.58237  15.78744  11.42038  7.43343  2.5975  0.0 
Q7C -0.323270000001  1.61452  1.7262  2.78937  3.1059  9.79914  10.77384  17.7443  12.36245  6.08383  1.90994  0.0 
Q7D -1.23109  0.516210000002  0.387989999999  2.50003  4.55804  8.1842  10.85754  14.68513  9.50793  6.7946  2.07224  0.0 
Q7F 3.95185  4.66438  5.7149  8.18158  5.77032  8.3627  12.53397  17.36926  12.96075  8.82964  4.78817  0.0 
Q7G 3.12539  4.19486  4.32748  6.73919  5.84584  8.90409  10.5242  15.97797  12.45925  7.43467  3.40436  0.0 
Q7H 2.56675  3.37512  2.88855  4.75992  7.63391  11.45229  13.09213  17.64976  12.84052  9.22868  4.46586  0.0 
Q7I 6.14227  7.88035  7.79944  10.59617  11.95774  12.32149  12.6341  17.49457  12.40027  7.4305  3.29517  0.0 
Q7L 2.07983  4.98617  5.18549  6.53235  7.10115  11.31743  114.6136  16.53318  11.25155  6.97601  3.19054  0.0 
Q7M -1.09216  -0.129139999997  1.13969  2.85658  3.05595  7.5314  9.77945  15.14377  11.31438  6.96907  2.62607  0.0 
Q7N -1.87018  2.54709  2.70817  2.54336  3.71242  6.74109  7.06867  10.83725  5.97672  1.27585  3.3375  0.0 
Q7P 5.0076  7.22987  8.25779  10.01056  8.62378  10.51138  14.23281  16.51992  12.20147  8.08637  4.02063  0.0 
Q7R 8.27174  8.07944  8.09191  10.50073  12.50235  16.59777  14.5868  16.86184  10.77661  6.24615  2.95372  0.0 
Q7S 0.221589999997  1.84388  0.645959999998  2.50657  3.15105  8.92364  12.49054  17.54474  12.43506  7.8619  3.62525  0.0 
Q7T 4.14724  5.76139  5.95131  7.73369  6.0845  10.04352  11.07094  16.33733  11.66907  7.60499  3.58661  0.0 
Q7V 4.81136  6.85278  7.92755  9.33099  8.66344  11.44684  11.61244  16.89985  12.95631  8.18451  4.01939  0.0 
Q7W 12.41165  12.57393  13.64789  14.66911  15.41393  13.93109  14.60785  21.15372  16.55237  10.73513  7.09496  0.0 
R112A 1.29905  2.4816  3.04799  4.55833  3.86956  8.87755  10.40113  14.08473  11.88021  7.97714  5.13808  0.0 
R112C 0.00470000000132  1.72498  1.14607  4.61654  3.05207  5.12584  9.49642  15.01131  11.31829  8.5832  4.34037  0.0 
R112D 5.17851  6.48306  7.88387  9.5782  12.96069  17.14332  11.96628  14.87604  13.50742  7.75016  3.3396  0.0 
R112E 0.970729999997  2.19874  2.75649  5.75348  2.94747  7.98632  10.39919  13.16547  10.3384  7.70331  1.37873  0.0 
R112F 1.14641  -1.18203  -0.323209999999  2.81008  2.37625  4.91496  10.95655  14.00447  11.34698  5.24141  3.16976  0.0 
R112G -1.16402  0.864520000003  0.458910000001  2.67925  3.71386  8.38765  9.31273  12.77161  9.62074  5.61004  3.15206  0.0 
R112H 4.09361  3.42568  5.15064  8.20799  6.91773  11.00714  12.28403  18.03548  14.09683  8.95668  4.19202  0.0 
R112I 2.48239  3.69405  4.57161  6.15382  5.36343  9.29596  10.92805  15.36375  12.44584  9.77218  3.29102  0.0 
R112K 5.15579  3.37723  4.76615  7.72498  8.3889  18.92684  17.27267  21.29739  15.81944  10.4804  3.39517  0.0 
R112L 4.754  5.80313  6.24435  7.57205  7.95671  11.04729  12.77633  16.72481  43.57038  9.40569  3.2696  0.0 
R112M -1.06654  0.0490099999988  0.78427  2.41945  2.4128  6.60423  9.22278  14.5249  12.44389  7.49593  3.07553  0.0 
R112N 1.38828  1.39191  2.57548  3.04553  3.24107  7.14855  10.16827  14.84375  12.93446  7.05446  3.32166  0.0 
R112P 0.389770000002  1.44055  0.68259  3.02644  3.73533  7.21129  9.35764  15.52061  10.74624  6.84253  2.9833  0.0 
R112Q -3.16408  -1.56487  -0.358990000001  1.9967  1.82672  5.49366  9.26313  14.06336  11.53225  6.81236  3.28511  0.0 
R112S 0.388050000001  1.79094  1.38237  4.49486  3.6964  8.17842  9.0314  14.83693  10.68902  7.15287  3.17693  0.0 
R112T 3.61978  4.95944  5.24745  7.22384  7.49745  10.88139  12.39534  16.66703  13.49461  9.4295  4.85815  0.0 
R112V 1.97488  4.46807  4.57688  6.81524  7.34312  10.17754  12.81546  17.25771  14.39178  10.20424  6.06297  0.0 
R112W 1.84262  1.98505  2.7294  4.70921  4.07983  9.53869  8.98679  15.12625  11.17753  5.43639  1.44889  0.0 
R112Y 2.38285  3.31692  4.26824  5.30054  7.25092  10.53719  12.49447  16.00332  14.10899  8.94529  4.22614  0.0 
S117A 3.88291  3.87854  3.75228  7.30122  8.91286  11.71279  13.69296  18.2407  11.74562  7.64216  4.01834  0.0 
S117C 1.04413  3.05519  4.23766  7.56587  7.79022  10.10894  11.30805  11.76557  10.82515  5.98115  2.73438  0.0 
S117D 0.585770000002  1.42535  1.42647  4.10103  5.89455  9.43576  8.55935  12.34059  12.04103  10.17821  4.66954  0.0 
S117E 0.857910000002  1.86482  3.83936  7.35693  10.51491  12.10428  12.65372  18.39306  13.4148  8.66684  4.01892  0.0 
S117F 5.61703  6.15153  9.16462  11.51914  14.15568  14.90871  14.78011  19.36953  15.35109  9.68687  4.48771  0.0 
S117G 6.63871  6.94718  7.50934  10.6074  11.9669  14.90794  15.4995  19.11053  14.59449  9.16216  4.82341  0.0 
S117I 6.4846  6.94862  8.24374  11.38803  11.65375  15.09492  14.84513  20.12438  14.75315  9.10808  3.91463  0.0 
S117K -1.78493  1.11564  2.34791  6.7489  6.9701  11.05843  11.02444  15.51084  10.84316  6.02687  1.53378  0.0 
S117L 6.02253  6.47045  7.9143  9.99243  12.35469  14.23307  16.57628  19.34515  14.74056  10.28677  3.78755  0.0 
S117N 5.58528  4.20647  5.29328  7.91382  9.48227  13.04347  13.51412  17.3156  12.4789  7.78356  3.69608  0.0 
S117P 6.04844  8.0804  7.95904  9.13915  9.10377  13.01003  13.04843  14.59191  11.00568  6.7227  1.15763  0.0 
S117T 0.703949999999  0.15813  1.92696  5.37832  6.4719  7.75868  11.25943  15.64685  10.84032  7.10163  2.67119  0.0 
S117V 3.21483  4.03342  4.39375  8.88036  10.17118  12.11224  13.97083  17.7355  11.49318  6.91075  2.34219  0.0 
S117Y -14.47326  -13.47183  -12.14183  -9.70522  -8.65373  -4.38122  -6.74431  -0.988580000001  -4.89344  -8.77592  -14.86035  0.0 
V37A 0.60514  2.23107  2.19487  5.16541  6.29295  9.54526  9.96732  16.16333  10.47198  7.89779  3.27463  0.0 
V37C 2.08488  1.78442  4.44715  7.05398  7.94062  9.92632  12.12919  15.85742  12.09524  8.83095  4.22703  0.0 
V37D -2.2767  0.21832  0.471999999998  3.01967  4.19675  8.36098  2305975.10632  9.75184  10.11807  6.76786  1.20539  0.0 
V37E 1.59721  1.15265  1.89975  5.00873  9.34244  10.44934  9.12392  16.56195  10.81379  5.36823  1.64119  0.0 
V37F 1.65937  2.45439  3.59579  6.81381  6.23005  10.08263  14.378  17.40775  13.30437  8.7196  3.8085  0.0 
V37G 0.190639999997  1.34955  2.64145  4.65091  6.49327  9.77543  11.33989  15.44268  9.79727  7.44955  3.46186  0.0 
V37I -1.1202  -1.22146  0.795400000003  2.32448  2.92194  4.97048  10.68877  15.20236  10.88044  5.53521  3.02772  0.0 
V37K 2.57795  4.99595  5.24381  8.87532  8.01973  10.50157  15.27088  17.62295  15.00119  11.33603  6.18101  0.0 
V37L -0.46731  0.716839999997  1.54244  3.39228  3.6125  7.37079  10.86344  16.15843  11.60979  7.07016  4.24138  0.0 
V37M 0.0446699999993  0.601910000001  3.07595  4.61096  4.85133  7.02266  12.10329  16.51808  11.29639  7.32976  3.23741  0.0 
V37N -1.70041  -0.795289999998  1.36524  3.15985  2.89315  7.0467  10.98271  15.65769  11.77614  7.11487  3.87109  0.0 
V37Q 1.69147  3.8227  2.78344  5.00943  6.33978  9.30053  13.59025  16.52213  13.81119  8.54294  3.53387  0.0 
V37R -0.157459999999  0.553240000001  0.163800000002  1.35648  -1.16126  1.14742  8.15511  16.44313  14.34603  9.05139  3.73203  0.0 
V37S -1.7016  -0.0592799999977  1.21003  4.11451  5.71383  7.35627  11.45867  15.07553  11.26531  6.95824  3.88171  0.0 
V37T 3.12153  3.39195  3.90126  7.92358  8.37585  11.84788  13.14328  14.65306  10.18295  7.18442  4.26705  0.0 
V37W -0.503060000003  0.60468  2.29979  5.2581  8.26126  10.77568  13.95125  16.50385  12.44944  5.86737  1.43805  0.0 
V37Y -6.6717  -5.65644  -4.18152  -1.49307  -2.05942  0.985410000001  6.7881  11.31303  5.30651  2.05786  -3.11868  0.0 
W129A 3.28872  3.11047  3.03119  4.9322  5.06168  9.52846  12.2193  15.78703  11.11013  5.59739  1.65618  0.0 
W129C 2.15704  2.29712  4.5412  6.04035  7.35821  9.00744  10.81487  15.10077  10.84588  6.00093  1.25791  0.0 
W129D 1.87567  2.32406  3.42239  6.43171  5.38975  10.32845  12.42933  17.41927  12.35044  8.54377  2.43084  0.0 
W129E 3.19207  3.09781  5.83718  7.47058  6.58328  9.23874  15.86219  12.08266  14.51454  9.57487  4.33933  0.0 
W129F 1.82175  4.28564  6.25983  8.06561  7.96347  11.01749  12.33904  14.7431  10.76018  6.60605  1.85183  0.0 
W129G 3.38946  4.51023  5.50947  9.10494  9.11815  13.36627  14.1133  15.82833  11.59257  6.7285  1.91023  0.0 
W129H 1.65691  2.83683  5.12909  7.57506  7.94997  10.82708  13.3661  14.86541  11.04508  7.19604  2.80463  0.0 
W129I 2.00097  3.73437  3.12859  5.31063  6.82206  9.7355  11.56825  13.00733  9.88813  4.92051  -0.3076  0.0 
W129K -2.38796  -2.45392  -0.479510000001  4.14959  3.02887  5.90087  7.19967  9.00117  5.60929  4.15385  -1.68968  0.0 
W129L 2.13939  1.23569  2.3201  5.93098  5.26918  8.23933  11.29019  14.01519  8.68493  5.39261  1.4889  0.0 
W129M 2.13297  2.29667  2.75765  4.82146  5.5612  9.00327  12.58395  14.88604  12.57241  7.85201  3.36145  0.0 
W129N 1.46913  1.7814  3.91224  5.97397  6.26471  9.56859  16.43011  16.36247  11.33674  7.415  2.62476  0.0 
W129P 2.03297  0.624739999999  1.51848  3.69195  5.69841  8.08134  11.9631  14.62713  11.15364  6.85165  1.24045  0.0 
W129Q 3.96024  5.08875  7.12029  9.57876  8.36365  11.71269  14.78772  16.15667  12.52247  7.53132  3.93183  0.0 
W129R 7.141  5.98166  8.30247  11.61672  13.95666  17.13024  14.54597  18.29624  13.09182  8.37987  3.28005  0.0 
W129S 5.0437  5.05799  6.07844  8.63847  9.28668  11.88054  14.08821  16.41452  12.43037  6.24261  1.70283  0.0 
W129T 1.56845  2.27751  4.73006  5.78069  5.37497  8.63835  10.74291  13.33264  9.04189  4.53428  1.69171  0.0 
W129V 4.01831  3.22927  5.58472  6.75962  7.45653  9.98228  13.12406  15.16531  10.89975  6.38317  1.72729  0.0 
W129Y 4.68764  6.18635  6.4627  11.89981  11.34104  15.16258  14.07542  18.08426  12.9248  8.64834  3.53559  0.0 
W71A 2.44125  2.31535  4.93329  5.83743  7.39806  9.92321  15.31947  14.56614  12.36438  7.77336  2.5873  0.0 
W71C 1.26653  1.53537  4.2133  6.55976  7.45795  12.14526  13.76743  13.61465  11.04216  7.56219  3.02304  0.0 
W71D -2.67621  -1.41054  1.37399  3.05884  4.77123  2.90924  3.68282  15.91779  10.80107  7.85394  0.909070000002  0.0 
W71E -1.3416  2.17036  2.63129  3.75402  4.19864  7.99277  7.98786  17.08926  12.36494  -0.581029999998  2.64249  0.0 
W71F 0.20277  1.34048  2.76108  5.41085  4.87502  9.05038  13.62597  13.74691  11.28051  8.20288  2.75237  0.0 
W71G 2.25516  1.89506  3.02309  6.31491  10.31707  11.47719  11.95801  14.3624  10.97741  7.06552  2.75775  0.0 
W71H -2.37375  -1.82419  1.82842  2.96389  3.17176  5.41133  8.86712  14.64377  9.52939  5.97627  1.73844  0.0 
W71I 0.751359999998  2.6393  4.07731  6.85994  6.03791  10.78294  13.62834  13.46328  6.59008  5.73573  1.71659  0.0 
W71K 2.64862  2.60873  4.21922  5.39682  0.438959999999  4.01929  0.751639999999  15.99219  13.80049  7.22557  1.99149  0.0 
W71L -0.642800000001  0.46009  1.38527  3.83103  5.62077  8.84792  250.93559  16.50241  14.59894  9.60564  4.33735  0.0 
W71N -0.76225  0.15984  1.07444  2.17482  1.83587  6.81724  11.30046  14.66005  10.76846  7.66899  2.73294  0.0 
W71Q -4.26695  -3.40649  -2.21429  -0.970829999998  0.209620000001  3.55665  8.08737  12.38633  5.80941  8.40208  3.0911  0.0 
W71R 0.17642  -1.73559  -0.471940000003  2.51957  5.67857  7.30494  10.59095  16.54782  11.66544  5.47312  1.00268  0.0 
W71S 0.60139  1.23848  3.65364  5.97927  7.3309  8.7681  13.40282  14.78308  11.1962  8.36974  3.35846  0.0 
W71T -3.90676  -2.04098  -1.68796  -0.541490000003  0.0965999999971  3.04863  8.01884  12.78002  9.98899  7.79182  2.6001  0.0 
W71V 0.38336  2.01199  2.25818  4.29809  6.83673  8.097  13.21857  12.6826  7.78126  6.91483  2.22572  0.0 
W71Y 0.535449999999  1.523  2.72075  5.05248  5.02285  8.45496  11.84596  13.34486  9.10781  6.01729  2.03396  0.0 
W9A 1.31894  2.09772  4.24635  4.26678  4.86463  8.6027  9.87708  13.56211  10.34674  7.44718  2.38093  0.0 
W9C 3.16876  3.82323  2.89026  6.28704  7.19955  10.89514  12.2838  15.39664  11.92271  7.2576  4.65611  0.0 
W9D -0.0377599999993  1.88876  0.56091  2.48987  4.7174  8.46777  7.57501  10.65181  8.35022  4.14572  1.81727  0.0 
W9E 5.48346  8.00469  7.96889  7.72046  10.53631  14.6224  13.08168  13.58146  10.66523  5.50418  0.924299999999  0.0 
W9F 3.94641  5.38458  6.70876  7.03232  9.79475  10.32239  10.07479  14.37989  9.77552  5.84631  1.56353  0.0 
W9G 2.58338  2.42824  4.84242  4.59644  5.50686  11.10815  12.1052  14.53774  9.36855  8.08639  3.50482  0.0 
W9I 3.78724  3.65172  5.33713  6.61754  7.28014  11.0253  11.93234  17.55213  11.71584  7.7333  3.73642  0.0 
W9K 5.0736  6.30957  5.92774  7.63443  8.97347  11.113  11.93871  17.1917  12.79838  8.09273  2.7378  0.0 
W9L 3.19338  5.16019  5.6006  7.54184  8.3245  10.49321  12.85898  15.75139  11.30099  6.90224  2.64269  0.0 
W9M 4.46333  6.1979  5.75622  6.97876  9.57149  11.53998  13.94405  16.20161  11.84993  6.52735  3.40591  0.0 
W9N 1.6591  3.46067  3.0805  6.86108  6.96639  9.91612  11.15696  15.83336  10.80747  7.46322  3.18284  0.0 
W9Q -2.00853  -0.384440000002  -0.92668  1.26182  1.84916  4.19818  8.1781  15.3284  10.64954  7.55368  3.88972  0.0 
W9R 0.879150000001  2.05353  3.29258  4.87499  8.9839  13.44964  603.2122  16.64123  12.22756  7.05973  2.79664  0.0 
W9S 0.0563699999984  2.34652  2.86357  4.08734  4.25548  8.207  11.20503  16.86815  10.16049  6.3954  0.63177  0.0 
W9T 1.58644  3.70247  3.32287  4.4646  6.56483  9.37931  13.69697  15.65333  10.8693  7.65154  2.76705  0.0 
W9V 0.929890000003  2.75029  2.75668  5.26572  5.44998  8.66074  10.98739  16.91946  11.48265  7.78007  3.10726  0.0 
W9Y 3.86685  4.68647  5.72939  6.52659  6.93654  9.02149  11.75184  14.65832  10.29726  7.23197  3.20111  0.0 
Y166A 1.69698  2.556  2.85675  4.81966  5.88506  9.24895  11.09181  17.90091  11.57241  9.66719  4.28427  0.0 
Y166C -1.40153  -0.821510000002  0.0723599999983  1.76398  3.21427  5.78907  7.82725  12.31732  8.26821  7.82415  3.38153  0.0 
Y166D 2.17305  1.51741  1.23943  2.17239  5.75961  9.5111  11.25204  16.21643  11.40709  8.40176  4.33848  0.0 
Y166E -0.259600000001  3.04981  2.93001  4.42259  4.40289  6.9097  219.94035  14.57024  14.03791  8.30613  3.15805  0.0 
Y166F 1.16999  1.12019  2.29883  3.77779  7.21295  7.98399  10.39088  14.65857  8.98939  8.07616  2.58505  0.0 
Y166G 0.581329999997  1.80098  1.31861  3.55901  5.0025  9.26538  11.74677  17.28533  12.11847  7.60835  3.26249  0.0 
Y166H -0.419529999999  0.851100000003  0.752560000001  3.90296  3.85051  6.87703  14.64871  16.22472  11.64834  6.8993  2.18631  0.0 
Y166I -0.96126  0.555219999998  0.384119999999  1.46641  3.8297  6.17141  9.16607  13.46937  9.91261  8.73944  3.21447  0.0 
Y166K 0.490090000003  1.24268  1.44534  3.02135  2.28591  6.90378  9.84908  15.46461  9.66373  4.57715  -1.40728  0.0 
Y166L -3.15191  -1.03325  -0.87962  0.414089999998  1.60985  4.17444  8.89601  12.94263  7.12212  7.14871  2.30299  0.0 
Y166M -3.79451  -4.34089  -3.98955  -2.76198  -1.57912  0.295190000001  4.32016  8.6356  4.57091  -0.0961100000022  4.36496  0.0 
Y166N -5.08184  -2.53753  -0.797300000002  0.425660000001  0.371660000001  3.71881  8.38907  11.45788  7.3008  3.95545  2.29405  0.0 
Y166P -0.759569999998  0.356650000002  0.83366  3.01693  3.72513  5.86452  10.78178  13.69319  9.12309  8.43691  4.18757  0.0 
Y166Q -3.3475  -2.36626  -1.59596  0.240320000001  1.64683  4.26469  8.00988  11.13947  7.08317  6.89491  1.46909  0.0 
Y166S -0.187389999999  0.52375  1.54077  2.60306  4.42553  7.68348  10.10557  17.53013  11.49436  7.38866  3.44159  0.0 
Y166T -0.907320000002  -0.0116200000011  -0.0733199999995  1.87805  2.94589  5.69732  9.52286  13.33287  9.03274  6.67765  2.4703  0.0 
Y166V -0.0693900000006  0.73486  1.28699  2.24831  3.4292  6.05007  10.49914  12.37787  11.23516  8.68598  3.30831  0.0 
Y166W 0.686150000001  2.83181  3.74124  5.99359  6.92655  10.4624  12.16123  17.44067  12.02601  7.65914  2.01446  0.0 
Y174A 2.3329  2.18801  3.52458  5.53319  6.17305  9.80476  10.58573  17.12203  11.61126  6.85223  4.99615  0.0 
Y174C 1.23945  0.895040000003  2.98378  5.07044  5.76776  9.43359  10.19669  14.86792  10.99144  6.27431  3.10106  0.0 
Y174D 3.31916  3.86199  4.69147  6.97856  7.81726  10.97566  10.26499  16.49293  12.48103  7.85173  4.17595  0.0 
Y174E -3.47602  -3.52982  -3.09602  -1.9846  -0.974679999999  3.42743  7.8704  13.02473  7.59951  8.81514  4.98839  0.0 
Y174F 2.33061  2.176  3.82746  6.02975  7.63319  10.1422  11.98698  16.89852  11.46985  7.09933  4.13701  0.0 
Y174G 3.00462  2.38104  3.71344  5.59042  7.42662  10.25676  11.27066  16.63792  9.78183  6.89835  3.93834  0.0 
Y174H 1.69462  2.30743  3.74796  5.47186  6.27993  9.78738  12.27226  17.76672  13.154  7.77467  3.58592  0.0 
Y174I 3.41196  2.94025  3.55552  6.9021  8.9017  10.71168  11.93343  16.20452  11.39723  7.96741  4.61742  0.0 
Y174K 2.27786  2.73499  4.03693  7.7217  7.39829  10.64472  12.33235  17.3559  10.79305  6.76644  2.49559  0.0 
Y174L 2.61486  1.79699  3.72894  6.2872  6.53284  9.34509  11.68591  19.05073  12.28649  7.25468  2.60462  0.0 
Y174M 1.56195  2.02272  2.32883  5.28348  6.6267  8.10421  11.98248  17.27462  10.74877  6.82147  4.19517  0.0 
Y174N 3.05277  3.42181  4.65407  6.55081  9.11643  11.52166  11.69029  16.90627  11.34944  6.60395  3.54808  0.0 
Y174P 2.28154  2.76272  5.54168  7.52466  7.75744  10.75047  14.10629  18.78218  12.65308  8.91674  4.81302  0.0 
Y174Q 3.9268  1.97231  -2.58435  5.96945  6.3544  8.5645  11.88057  16.73888  11.83743  6.54619  3.24744  0.0 
Y174R 5.49733  4.90699  5.85506  9.63955  11.54179  13.87419  14.24087  18.29379  14.10887  7.92035  4.49344  0.0 
Y174S 0.206440000002  -0.558140000001  -2.16105  5.25323  5.23885  8.25808  10.17288  17.43268  11.94945  7.83513  4.33595  0.0 
Y174T 0.9935  3.24244  3.00724  6.95248  5.78377  9.48129  11.54802  17.03018  13.70427  9.07147  3.74296  0.0 
Y174V 2.07241  2.16204  3.18039  5.46517  5.68488  7.81427  11.67639  15.81062  10.36791  5.76808  3.58693  0.0 
Y174W 1.28652  2.19726  2.96072  5.0099  5.88244  8.88055  11.18171  16.37116  10.70252  7.71279  3.44916  0.0 
Y65A 1.28097  2.89093  3.77036  5.5275  6.46592  9.23438  13.11227  15.69368  9.97493  6.10624  1.71884  0.0 
Y65C 1.89375  4.41843  4.76662  6.89285  8.49656  9.66383  14.65049  17.35119  12.06521  7.34631  4.06811  0.0 
Y65D -9.69757  -7.28462  -5.15433  -5.08822  -2.91919  0.978049999998  6.50302  214.78256  0.143819999998  -1.26339  -7.48849  0.0 
Y65E -0.984949999998  2.33914  2.10489  4.82655  3.94534  7.21323  12.09963  14.94027  9.17248  9.41054  4.76739  0.0 
Y65F -0.230229999997  2.76103  3.0564  4.95438  5.64365  7.66425  11.20798  15.40315  9.82024  5.85941  1.73984  0.0 
Y65G 0.363260000002  2.79126  2.63402  4.94886  6.45524  9.38789  12.61763  16.52164  8.54716  4.84588  1.32241  0.0 
Y65H 1.51881  2.39475  3.24283  5.80403  5.1076  6.85994  13.61531  17.17319  9.76919  4.16403  1.38832  0.0 
Y65I 1.77939  2.90531  3.75347  6.51566  8.54485  11.8817  13.78667  18.64586  12.73845  8.04464  4.32904  0.0 
Y65K 1.13049  -0.0996400000004  1.08865  3.49648  3.15621  1.85981  3.40993  12.19878  1.05646  -3.94119  -9.7574  0.0 
Y65L 1.07098  3.25918  3.5265  5.26373  7.30823  9.78508  13.84184  15.49348  10.1917  5.99058  0.953000000001  0.0 
Y65M -0.542079999999  0.369030000002  2.08357  4.04921  5.07525  8.18171  12.15764  14.71384  10.65338  6.73974  2.47952  0.0 
Y65N 0.85773  2.71669  4.09912  5.43995  7.24906  10.57368  13.47938  16.7671  10.68758  4.86978  0.960639999998  0.0 
Y65P 2.40283  2.65439  4.02629  6.50401  6.5082  10.04978  14.76356  16.97904  12.21582  6.98807  3.29551  0.0 
Y65Q 0.798870000002  0.711560000003  2.64637  4.4051  5.48289  8.0023  12.65283  15.44144  10.80604  5.73785  2.48406  0.0 
Y65R 6.5258  7.61984  8.83257  10.20996  11.74498  17.36609  14.57153  17.60415  11.7112  6.89183  2.64244  0.0 
Y65S 1.71608  2.90128  4.22636  6.04787  7.24167  9.51503  14.28921  15.73235  11.90161  7.38735  3.07215  0.0 
Y65T 2.05138  4.59395  5.13678  6.70334  8.10801  11.55849  15.01951  16.02522  11.70415  8.92779  2.93377  0.0 
Y65V 2.16141  4.3241  5.32747  5.90764  8.16595  10.82709  15.02554  17.0169  11.05804  7.50863  3.64912  0.0 
Y65W 2.79512  2.96312  4.67721  6.77628  7.188  11.57345  14.92148  16.41008  13.15031  8.25113  3.55287  0.0 
Y69A 0.423599999998  3.47137  5.5624  7.72715  6.71716  10.79607  16.51786  17.21016  13.13127  8.75546  4.23635  0.0 
Y69C 0.94728  3.78401  4.04632  5.08467  6.03587  8.60216  14.33405  17.00851  12.33426  8.53407  3.84954  0.0 
Y69D -7.07763  -6.30437  -8.02002  -4.15072  0.894180000003  4.85818  2.61786  1.56917  12.16174  7.14681  3.44594  0.0 
Y69E 4.80072  3.47093  4.24298  7.35848  11.60369  14.7741  15.16129  17.13044  12.74638  5.72476  4.24453  0.0 
Y69F 2.6569  4.89613  3.30909  7.80238  8.06761  11.28332  15.86666  18.67811  14.78624  8.39764  4.05579  0.0 
Y69G 2.64563  5.60812  6.3447  8.4288  6.42521  11.3878  16.90575  18.58127  14.01282  9.5189  5.06192  0.0 
Y69H -0.91661  0.99208  3.04053  4.07311  1.97967  7.46574  13.48657  16.06269  13.25256  8.3094  3.77554  0.0 
Y69I -1.73429  1.38719  2.61561  4.53256  5.89134  6.69551  11.70007  14.16218  8.6166  8.25461  4.55522  0.0 
Y69K -0.517960000001  1.11549  1.36978  3.95308  -0.533619999998  0.408009999999  -3.95821  14.94406  13.4879  9.90843  4.33244  0.0 
Y69L 0.330099999999  2.76059  3.47967  6.22711  6.76986  9.02566  14.06423  16.57043  13.15143  8.76732  3.70735  0.0 
Y69M 4.14332  4.81803  7.14924  9.49787  7.53405  11.71027  16.82046  19.79353  16.6355  11.45983  4.7207  0.0 
Y69N 1.92311  2.58152  4.84199  6.01727  7.8088  10.76762  14.94989  17.5413  12.40737  90.9784  2.84104  0.0 
Y69Q 1.0531  1.56748  2.09797  4.99916  5.19024  8.2315  15.95664  16.74282  11.90242  87.79908  4.63351  0.0 
Y69R -15.50303  -14.43074  -13.29723  -12.55292  -10.11341  -9.27653  -7.70804  10.75847  10.82931  7.08697  3.27049  0.0 
Y69S -1.50035  1.82977  3.44986  5.41223  6.44075  9.86376  14.66576  15.68021  12.08207  8.38376  4.01578  0.0 
Y69T 0.90366  1.69889  3.67157  6.54344  7.64163  10.43498  16.0989  16.60422  13.41074  8.91552  5.42663  0.0 
Y69V -0.293449999997  2.19196  4.20191  5.83476  7.97031  10.46674  16.62253  16.58757  13.10922  8.20946  4.19241  0.0 
Y69W -6.64981  -7.50056  -6.62708  -4.78611  -5.45579  -2.02542  1.88301  14.32958  10.73804  6.65801  7.97799  0.0 
Y80A 1.50517  0.597129999998  2.10547  4.90083  5.00729  9.47643  13.27257  14.41251  11.04859  6.40224  2.72566  0.0 
Y80C 0.63349  -0.557679999998  0.327659999999  3.89856  5.73415  7.99007  13.34535  14.4633  10.24554  4.90483  1.13414  0.0 
Y80D 4.92775  6.02013  6.75376  9.61225  12.6182  17.8491  17.87618  17.60509  12.72975  7.03515  2.05918  0.0 
Y80E -0.771830000002  -1.42082  0.854609999999  2.46934  7.93174  16.78339  16.34063  15.80808  12.59693  8.45469  4.64411  0.0 
Y80F 0.311450000001  -1.26705  -0.33165  3.29439  5.49685  8.23078  11.75552  13.5697  9.52388  5.0537  1.77685  0.0 
Y80G -0.0227400000003  -0.345740000001  1.37578  4.35111  4.04434  8.74843  12.37254  15.34651  10.45423  6.04354  2.54951  0.0 
Y80H -2.76154  -4.23485  -3.27589  -0.661350000002  1.74861  5.7405  10.97852  13.68503  9.29144  6.20742  1.27912  0.0 
Y80I 1.06579  -0.253629999999  1.84364  4.64682  5.82508  9.31191  13.63714  15.21291  12.24574  7.57929  3.74347  0.0 
Y80K -1.5221  -1.37761  0.346109999999  2.825  0.169149999998  7.4999  11.42083  17.0923  11.97194  6.01595  2.37994  0.0 
Y80L 0.684679999998  -1.09262  0.59764  3.59526  5.65673  8.94852  12.17132  14.6653  11.59969  6.88279  3.57579  0.0 
Y80N 1.64732  0.590370000002  1.63707  4.21322  7.72138  11.96524  13.95172  15.81712  13.0203  6.66331  3.20552  0.0 
Y80Q -3.30766  -2.52204  -2.30212  1.92823  1.57286  6.56277  10.01122  12.26518  12.23075  7.66493  1.0393  0.0 
Y80R -1.19326  -2.05579  -1.16474  1.74387  4.79593  5.59487  11.35956  13.45  9.71288  5.79897  -0.606540000001  0.0 
Y80S -0.772820000002  -1.51611  -0.0716800000009  3.1607  3.16795  7.73116  11.60527  14.05083  9.47901  5.80185  1.6043  0.0 
Y80T -0.161350000002  -0.0585900000005  2.02493  3.2812  6.10268  11.71562  12.45665  13.96543  10.07102  5.98976  1.64061  0.0 
Y80V -0.2405  -0.598690000003  0.367459999998  3.07046  3.75905  9.17579  11.83179  14.90189  12.79275  8.46631  3.94015  0.0 
Y80W 0.777699999999  -0.10166  2.2779  6.1147  6.0108  9.4705  13.95344  18.4232  14.78544  9.10575  4.64121  0.0 
